4211040028105410026
4211040028105410035
4146136029100090004
4146136029100090003
4146136029100090001
4146136029100390002
4167034023104590002
4167034024103800000
4167034024103800002
4167034024103800001
4183033022200060001
4211040028106850003
4211040028106850002
4211040028106850001
4211040028106850016
4211040027201840003
4211040028106850015
4211040028106850014
4211040028106850013
4211040028106850012
4211040028200060003
4213035026114430003
4213035026114430005
4213035026114430010
4213035026114430000
4213035026114430006
4161025027104260019
4161025027104260004
4161025025101400000
4161025025101390002
4161025025101420001
4161025025101420010
4161025025101420005
4161025025101390001
4161025027104360007
4161025027100940000
4161025027100170048
4161025027100170053
4161025027100940003
4161025027104260020
4161025025101450016
4161025027100170047
4167034023104080000
4167034024101850000
4167034024101800000
4211035030107380012
4211035030101840000
4211035030107400008
4211035030100250003
4211035030106430004
4211035030105970000
4211040028103270001
4211035030101840001
4211035030100810002
4211035030100810008
4211035030106380000
4211035030106270000
4211035030107380014
4211035030107400010
4211035030100290000
4211040028105780003
4211035030107400006
4211035030101790004
4211035030100830000
4211035030106040007
4211035030106200003
4211035030106370000
4211035030106300001
4211035030101790001
4211035030106010000
4211035030106220001
4211035030107400012
4211035030106040005
4211035029103850011
4211035030101840002
4211035030106230011
4211035029103860002
4211035030100820000
4211035030107380005
4211035029103850013
4211035030106050000
4211040028102980036
4211040028105780000
4211035030106220005
4211035029103780005
4211035030100260002
4211040028100300006
4211035030106200004
4211035030107400009
4211035030107280000
4211035030106020004
4211035030100800000
4211035030100800002
4211040028105840000
4211040028105780002
4211040028104710002
4211035030101710016
4161025026107670001
4161025026107670003
4161025026107660002
4211040028105310013
4211035030101140003
4211035030101670000
4211035030107010006
4211040028103610002
4211040028103270007
4211040028105310006
4211040028103560006
4211040028105410012
4211035030106690002
4211035030105410000
4211035030106980009
4211040028103610003
4211040028104820000
4211040028100280015
4211040028103390003
4211035030100080001
4211040028103610004
4211040028103380007
4211033021102270001
4211035030101650006
4211035030106020001
4211035030100970007
4211035030106390001
4211040028100280011
4211040028105310004
4211040028103130000
4211040028104840000
4211040028104860002
4211040028103610001
4211040028103620000
4211040028103560007
4211040028106210001
4211035030101140000
4211035030101660001
4211035030106020006
4211040028103610006
4211040028103610000
4211040030103480000
4211035030101650003
4211035030100970008
4211035030106650011
4211035030100550010
4211040030104360000
4211040030103590001
4211040028103130001
4211035030100910000
4211035030106430010
4211035030105090007
4211040028103380005
4211040028104860000
4211040028105310014
4211040028100280017
4211035030106330000
4211035030106020009
4211035030101630000
4211035030101640000
4211040028103270018
4211040028104860001
4211033021102280000
4211035030106390002
4211040028105590008
4211040028105410034
4211040028103610005
4211040028103270010
4211034021103530001
4211035030106430006
4211035030105350007
4211035030101140004
4211040028103130002
4211040028103560000
4211040028105590007
4211035030105070005
4211040028105410021
4211040028104840001
4211035030107390002
4211035030106990004
4211035030106430001
4211035030101640001
4211035029103080006
4211040028104830000
4211040028105310008
4211035030106690001
4211035030106970001
4211040028103270006
4211040028105310011
4211035030100930005
4211035030101660000
4211035030106970014
4211035030107420001
4211035030101150001
4211035030100540000
4211040028105590006
4211040028103560005
4211040028105410005
4211040028103270011
4211040028103560008
4211040028103560003
4211035030100990001
4161025021102230000
4161025021102260000
4161025021102090000
4161025025101270002
4161025026106930000
4161025027100200005
4161025025101760003
4161025025101740003
4161025025101730002
4161025025101730003
4161025025101720002
4161025025101650001
4161025025101650002
4161025025101630000
4161025025101550007
4161025025101640000
4161025025101460004
4161025027100190007
4161025027100190012
4161025027104260003
4161025026106280025
4161025026107600000
4167034024102760001
4211035030200240003
4211040030101540002
4211040030102020033
4211035030100510000
4211035030101810004
4211040028103010004
4211035030100870001
4211035028100750005
4211035028100730004
4211035029103880007
4211040028106500000
4211040028106500008
4211040028103570003
4211040028103380008
4211035030100630019
4211035028100740001
4211035030100650001
4211035030106170000
4211040028103050000
4211040028106500007
4211040028106500003
4211035030100640001
4211035030100630010
4211035030100630013
4211040028103260010
4211040028106500010
4211040028103010005
4211040028103210000
4211040027101700000
4211040028105130000
4211040028105760000
4211040030102020017
4211035028100750001
4211035030100630007
4211035030105350011
4211040030200500001
4211040028201680006
4211040028105650001
4211040028106500001
4211035030100630008
4211035030100600001
4211035030100530003
4211033021103030000
4211040028100500001
4211040030102940000
4211040030200500008
4211035030200240005
4211040028103010006
4211040027106410000
4211040028106500025
4211035030101900000
4211040028106500023
4211040028102980037
4211035030106090001
4211040028103070005
4211040028102720000
4211035030101830001
4211035030100670000
4211035028100740003
4211040028103260015
4211040028200090000
4211040030103520003
4211040030102020013
4211035030100630003
4211040030101540000
4211040028106500012
4211040028103010007
4211040028102900002
4211040028102980004
4211035028100750003
4211035029103160002
4211035029103970000
4211035030100360000
4211035030100360001
4211040028103070004
4211040028200080000
4211035030101870000
4211035028100730001
4211035030100870004
4211040028100590003
4211035030200090009
4211035030100630009
4211035030100600005
4211035030101860000
4211035030100920000
4211035030101700001
4211040030102020029
4211040030102020032
4211040030102930000
4211040028100600003
4211035030100630015
4211035030100630011
4211035030100600004
4211040028106900002
4211035030105350001
4211035030100630016
4211040030102020001
4211040028102830001
4211035030107400013
4211035030107450005
4211040028106500014
4211035029103880006
4211035029103880009
4211040027106420001
4211040028106500002
4211040028106500024
4211040028105760001
4211040030102020023
4211040028200150000
4211033021103020000
4211035029103880010
4211040028100600002
4211040028102970008
4211040028102900014
4211040028200110005
4211035030105320003
4161025026107150016
4161025026107150017
4161025026107150018
4161025025101190001
4161025025101270001
4161025025101550012
4161025025101760002
4161025025101740001
4161025025101740002
4161025025101730001
4161025025101710003
4161025025101550018
4161025025101290000
4161025025101280001
4167034024104460001
4211035030101710014
4211035029103110004
4211034021100270001
4211035029103150009
4211035029103220000
4211040030101790001
4211040030102020021
4211040028103070022
4211040028105590010
4211040028100460003
4211040028105960015
4211040028105110000
4211040028105060000
4211040028106500016
4211035029103220003
4211035029104030055
4211034021100200003
4211040027105400000
4211040028105320012
4211040027106070004
4211040027106070005
4211035029104030052
4211035029104030053
4211035030100440001
4211035030107380011
4211035030107700000
4211040030104880004
4211040028105950001
4211040028105100000
4211040027105240000
4211040028105960012
4211040028105960014
4211035030107370004
4211040028104870000
4211040028105250002
4211040028105320010
4211040028105590016
4211040028105590003
4211040028105950000
4211040028105960013
4211040030101790002
4211040028100200015
4211040028100500004
4211040028105960011
4211040028102750004
4211040028105980013
4211040028105240005
4211035029104030054
4211040028105960008
4211040028106200001
4211040030104970002
4211040028103560010
4211040028102680007
4211040027105570007
4211040030102010005
4211040028103300001
4211040028100200001
4211040028105320006
4211035030100870013
4211040028102710005
4211035028101080007
4211035030105300001
4211035030105320004
4211035030105370001
4211035030105290002
4211040030100860002
4211040030104970003
4211040028106500013
4211040027105340007
4211040028105040002
4211035029104030002
4211035029103810001
4211035030100430005
4211035030101880000
4211040028103460000
4211040028100200013
4211035030107280001
4211035030107710000
4211035030107270001
4211040028200050002
4211040028200100004
4211040027105570000
4211040027105420001
4211040028200030003
4211040028200020003
4211040028200040003
4211034021100240000
4211040027105570004
4211040028105960002
4211040028105320009
4211040028103010003
4211035030107380016
4211040028106500004
4211040028105590015
4211040028105320007
4211035030105570000
4211040028100200011
4211040028102690000
4211040030102020000
4211035029103220007
4211035028101080008
4211035028101080002
4211040030104970001
4211040028106200005
4211035030101710015
4211040028105250003
4211040028105120000
4211040028105320001
4211040028105320011
4211040028103730004
4211040028105980010
4211040028105980014
4211040028105410027
4211035030105180001
4211035029103220001
4211040028100200014
4211040028105250004
4211040028100660000
4211035029103220005
4211040028102760004
4211040030100540001
4211040030104880005
4211040030104970000
4211035030100430002
4211040028104720020
4211040028106500026
4211035030101710009
4211035030101710010
4211035030101710007
4211035030101710008
4211035030101710011
4211035030101710012
4211035030101710013
4211035030101710005
4211040027105420006
4211035028101090001
4211035028101090003
4211035028101080001
4211035028101080004
4211035030106280005
4211040027105340009
4211035030105570004
4211035030105610001
4211035030107280006
4211035028101090004
4211035028100980003
4211033021102310004
4211035028101080006
4211040030102020016
4211040028103630000
4211040028100670000
4211040027105240002
4211040027105240003
4211040028102680004
4211040030100550006
4211040028104720019
4211040028106500029
4211040028106500030
4211040027200020004
4211040027105710007
4211040030102580000
4211040028102730006
4213035023121330000
4213035023121440000
4146110500101490004
4146110500101490001
4146110500101470001
4161025025101370012
4161025025101370013
4161025025101550035
4161025025101680001
4161025025101690001
4161025025102500000
4161025025102520003
4211035030100410001
4211035030100410002
4211035030100410003
4211035030100410004
4211040028102430000
4211040028105750003
4211040028106530002
4211040030100540002
4211035029103820000
4211035029103830001
4211035030105180005
4211040027105910003
4211040027106450010
4211040027106450011
4211040027106450012
4211040030102670003
4211040030102670009
4211040030102670010
4161025025101190003
4161025025101780002
4211040028102980003
4211035030100310001
4211035030105810006
4211035030105870001
4211035030105870002
4211035030105870003
4211035030105880000
4211040028102970009
4211040028102980003
4211040028102980021
4211040028102980023
4211040028104670001
4211040028104670003
4211040028104670004
4211040028104730000
4161025025101730005
4161025025101740006
4161025025101750001
4161025025101760006
4211040028104720021
4211040028104720023
4211040028104720024
4161025025101190002
4211040028103720000
4211033021101970008
4161025025101720001
4161025025101710001
4211040027105710010
4211040028105050000
4211040027105710014
4211040027105710018
4211035030105810005
4211035028100650002
4211035030105810001
4211040028102870007
4211040028102870010
4211040027105710012
4211040028106210008
4211040028106210011
4211040028104720025
4161025025101550034
4211040028103280000
4211040028103710000
4211040028100120001
4211040028100090000
4211035029102970005
4211040028100090006
4211035029102970010
4211035029102970012
4167034023104430000
4211040028105310010
4211040028106530006
4211040028104650001
4211040028105980011
4211040028104650000
4211040028103260009
4211040030100860000
4211040028105310012
4211040028103200007
4211040028105310009
4211040028105310007
4211040028104650004
4211040028104650007
4211040028103070008
4211040028106840002
4211035030105510001
4211040030103730000
4211035030105510000
4211035030105520000
4211040030101520000
4211040030101520005
4211040030103730002
4211040028106840003
4211040028106840005
4211040030103740001
4211040028103730002
4211035030106620000
4211040028106840006
4211040028106840009
4211040028105980006
4211035030106680001
4211040030104110004
4211040030104110001
4211040030104110002
4211040030104110000
4211040027105350001
4211035030106680002
4211040027105350000
4211040030104110006
4211035030200090001
4211040030104120000
4211040028105980000
4211035030106640000
4211040030104110003
4211040030101670000
4211035030106600000
4211040027105360001
4211040030104110005
4211035030100340010
4211035030100350001
4211035030100340001
4211040030101670001
4183033027100170003
4211040030101490000
4211035029103160001
4211040028103220003
4211040027106450009
4211040028103060000
4211040028105410022
4211040028103220000
4211040030101490002
4211040028103220002
4211035030105180006
4211040028103220004
4211035030101380003
4211040028103730000
4211040028105410032
4211040028104780000
4211035030101430001
4211035029103160004
4211035030101430000
4211040028106250014
4211040028106250003
4211040030101790014
4211040030101790015
4213035021115200013
4213035021115200014
4213035021111560000
4161025025101550019
4161025025101550011
4211040028102870023
4211040028106390001
4211040028106380005
4211040028102870008
4211040027105270007
4211040027105270011
4211040027200850003
4211040027106990019
4211040028106390003
4211040030103170000
4211035030101420003
4211035030101570000
4211035030101570005
4211035030101200001
4211040028105020000
4211040030103150000
4211040030103160000
4211035030106550000
4211040027101680004
4211035030101170000
4211035030101420005
4211040027105390004
4211035030101190002
4211040027105270010
4211040028106850000
4211040027105330000
4211040027105390005
4211035030101370000
4211035030101420004
4211035030101380002
4211035030107720001
4211040028106390002
4211035030101380001
4211035030101160003
4211040027105280000
4211040027105270009
4211040027105300002
4211040027105290000
4211035030101190001
4211040027105270008
4211035030101150000
4211040027106990018
4211040030103770020
4211035030101370001
4211040027200850004
4211040030103720012
4211040030103770001
4211040030103720013
4211040030103770019
4211040030103720011
4211040030103770022
4211040030103770003
4211040030103770012
4211040030103770021
4211040030103770011
4211040030103760001
4211040030103770002
4211040030103770015
4211040027105320000
4211040027105300003
4211040027105390001
4211040027105390003
4211040027105260000
4211040027106990011
4211040030100550001
4211040027105380001
4211040028106160005
4211040027105270000
4211040028103220005
4211040027105970002
4211040027105910006
4213035021115200012